  0.000  -4.000   0.000    0.00000E+00     4.46119E-62    -4.43969E-62     0.00000E+00     0.00000E+00    -1.98851E-07     1.98851E-07     0.00000E+00
  0.000  -3.500   0.000    0.00000E+00     1.28310E-62    -1.26394E-62     0.00000E+00     0.00000E+00    -9.86075E-08     9.86075E-08     0.00000E+00
  0.000  -3.000   0.000    0.00000E+00     2.09313E-63    -2.09614E-63     0.00000E+00     0.00000E+00    -4.45670E-08     4.45670E-08     0.00000E+00
  0.000  -2.500   0.000    0.00000E+00     4.33186E-64    -5.02310E-64     0.00000E+00     0.00000E+00    -1.86028E-08     1.86028E-08     0.00000E+00
  0.000  -2.000   0.000    0.00000E+00     1.19937E-64    -2.09493E-64     0.00000E+00     0.00000E+00    -7.03609E-09     7.03609E-09     0.00000E+00
  0.000  -1.500   0.000    0.00000E+00     3.84365E-65    -1.49220E-64     0.00000E+00     0.00000E+00    -2.31327E-09     2.31327E-09     0.00000E+00
  0.000  -1.000   0.000    0.00000E+00     1.28082E-65    -1.60452E-64     0.00000E+00     0.00000E+00    -6.21325E-10     6.21325E-10     0.00000E+00
  0.000  -0.500   0.000    0.00000E+00     3.76241E-66    -2.17889E-64     0.00000E+00     0.00000E+00    -1.21734E-10     1.21734E-10     0.00000E+00
  0.000   0.000   0.000    0.00000E+00     3.76241E-66    -2.17889E-64     0.00000E+00     0.00000E+00    -1.21734E-10     1.21734E-10     0.00000E+00
  0.000   0.500   0.000    0.00000E+00    -2.26649E-62     2.19884E-62     0.00000E+00     0.00000E+00     6.82512E-08    -6.82512E-08     0.00000E+00
  0.000   1.000   0.000    0.00000E+00    -5.67064E-62     5.59836E-62     0.00000E+00     0.00000E+00     2.29170E-07    -2.29170E-07     0.00000E+00
  0.000   1.500   0.000    0.00000E+00    -9.95408E-62     9.88226E-62     0.00000E+00     0.00000E+00     4.10365E-07    -4.10365E-07     0.00000E+00
  0.000   2.000   0.000    0.00000E+00    -1.48370E-61     1.47656E-61     0.00000E+00     0.00000E+00     6.10794E-07    -6.10794E-07     0.00000E+00
  0.000   2.500   0.000    0.00000E+00    -2.04174E-61     2.03466E-61     0.00000E+00     0.00000E+00     8.34186E-07    -8.34186E-07     0.00000E+00
  0.000   3.000   0.000    0.00000E+00    -2.68013E-61     2.67310E-61     0.00000E+00     0.00000E+00     1.08499E-06    -1.08499E-06     0.00000E+00
  0.000   3.500   0.000    0.00000E+00    -3.39943E-61     3.39244E-61     0.00000E+00     0.00000E+00     1.36708E-06    -1.36708E-06     0.00000E+00
  0.000   4.500   0.000    0.00000E+00    -5.03371E-61     5.02668E-61     0.00000E+00     0.00000E+00     2.03673E-06    -2.03673E-06     0.00000E+00
  0.000   5.500   0.000    0.00000E+00    -6.82453E-61     6.81725E-61     0.00000E+00     0.00000E+00     2.87117E-06    -2.87117E-06     0.00000E+00
